1000133201
4294973170
1000002298
4294986128
4294972888
4294973586
4294976836
4294993917
1000002465
1000004861
1000017104
1000086832
1000089081
1000092953
1000099547
1000104168
1000105236
1000131362
4294973601
4294973911
4294976266
4294991350
4294991911
1000003352
1000003353
1000004282
1000005113
1000007242
1000008943
1000085462
1000101392
1000103148
1000103964
1000106433
1000112486
4294973599
4294973877
4294974099
4294974341
4294974343
4294974975
4294976035
4294976576
4294988579
4294991588
1000001395
1000001414
1000001434
1000002304
1000002368
1000002421
1000002426
1000002429
1000002430
1000002581
1000002644
1000007244
1000016774
1000072506
1000074586
1000077013
1000078089
1000084887
1000085881
1000086526
1000086727
1000089141
1000089587
1000090392
1000090421
1000090553
1000094477
1000095023
1000097301
1000098283
1000101767
1000103004
1000104914
1000106930
1000116223
1000120461
1000136321
1000164743
4294972424
4294973002
4294973028
4294973378
4294973558
4294973785
4294974125
4294974280
4294977910
4294988028
4294988088
4294988825
4294991279
4294991756
4294992216
4294975068
4294975518
1000002322
4294972945
4294973699
4294987512
4294993100
1000002305
1000002367
1000003588
1000006406
1000008121
1000012683
1000015943
1000078661
1000090242
1000133081
1000156065
1000279782
4294973588
4294974604
4294974659
4294972877
4294974231
1000001782
4294973756
4294973867
4294973997
4294975991
4294987103
4294974980
4294978722
4294974156
1000005112
1000002497
1000117263
4294974717
1000104683
1000085723
1000001232
4294978071
1000012283
1000002424
4294977660
4294974247
1000088782
4294990046
4294976498
4294973074
4294974923
1000166222
4294990230
4294974567
4294986975
4294990950
1000003243
1000130903
4294973300
1000164921
1000000900
1000000950
1000000953
1000001134
1000001188
1000001236
1000001281
1000001283
1000001335
1000001342
1000001359
1000001402
1000001412
1000001465
1000002241
1000002365
1000002376
1000002428
1000002445
1000002484
1000002505
1000002816
1000002827
1000002838
1000002864
1000002989
1000003005
1000003143
1000003248
1000003263
1000003323
1000003445
1000003888
1000004231
1000004233
1000007085
1000008851
1000011242
1000072741
1000074462
1000075690
1000082725
1000084461
1000085847
1000086237
1000086542
1000086747
1000089023
1000089223
1000090203
1000091243
1000092118
1000092429
1000093954
1000094403
1000096061
1000097623
1000098246
1000098264
1000100545
1000101675
1000101978
1000102219
1000102993
1000103396
1000103546
1000103550
1000103984
1000105184
1000105289
1000105925
1000108013
1000110126
1000116824
1000116848
1000116950
1000118381
1000119341
1000120481
1000125046
4294972776
4294972823
4294972923
4294973145
4294973425
4294973523
4294973709
4294973795
4294973881
4294973925
4294973962
4294973982
4294973990
4294974070
4294974176
4294974190
4294974204
4294974228
4294974387
4294974431
4294974908
4294975081
4294975674
4294976260
4294976303
4294977116
4294977784
4294977835
4294977942
4294978007
4294978380
4294978381
4294978384
4294986111
4294987375
4294990510
4294991136
4294991222
4294992025
4294992149
4294992150
1000002596
1000106442
4294974880
1000003597
4294991045
1000092431
4294972414
1000003047
1000002836
4294973206
1000117302
1000001719