gdmdwh
1000099547
1000001402
1000001782
1000001782
1000001782
1000001782
1000300418
1000103566
1000225583
1000335108
1000000904
1000001402
1000002505
szchuangw
1000001412
hfmdrsd
1000011242
1000106931
1000001465
1000092429
1000001236
1000101675
1000116950
1000002838
1000116824
1000003445
1000105184
1000091243
1000002864
1000082725
1000086747
1000103984
1000075690
1000084461
1000100545
szher
1000115624
1000002989
bjdsy
1000003567
1000003005
gdxxdq
1000002428
1000103396
1000002376
1000089023
1000105925
1000103546
1000102993
1000086237
1000003248
cxsbldq
1000001314
1000004231
xiaomitx
1000004233
1000087981
1000097623
1000002241
1000125046
1000092118
1000089223
1000096004
gdwjlrqj
1000002569
1000072741
1000110126
1000116848
1000086542
1000094403
1000123983
1000118381
1000120481
1000098264
whmdsh
whmdsh
whmdsh
whmdsh
1000098246
1000098246
1000003143
1000000950
zelin
1000002484
1000101978
1000105289
zgyzjt
gdmdzl
whmdcw
whmdcw
gdmdcwdq
sxdh
jsshdz
kjjtsz
1000000900
1000008851
1000003226
wjlcfkj
snsh
ahkjtc
njcwjydq
bjlrkj
shhyj
1000001134
1000001342
1000003263
bjsjztjm
1000085847
szaly
swe
1000003243
1000130903
1000106442
1000002424
1000003597
ves0000312
nbdyrydq
shxomy
1000166222
shzydzsw
drm
szkjzndq
1000001232
1000002596
1000105973
1000012283
1000088782
1000104683
bjhmjy
1000164921
cxsrrdq
fssjl
slwddq
xzjsdq
1000117263
1000092431
cxjsdq
1000002497
mndq
1000003047
1000005112
cxszj
gdtjdq
1000002836
flpzgtz
1000154965
njjzwc
whmdcf
whmdcf
whmdcf
1000156065
1000006406
1000015943
1000012683
1000090242
1000094054
1000078661
1000008121
jnt
1000002305
1000279782
zssqtt
jmsjhdq
1000121882
1000133081
1000002367
1000002367
1000139377
1000092581
1000002322
1000279084
bjtyl
bjbcjy
shdxqj
zkzy
1000164743
1000077013
bjcg
1000104914
1000074586
nbbydq
1000079370
1000090421
1000278140
1000155601
1000002368
1000097347
1000090553
1000001434
ydjjkqkj
1000001395
1000089141
1000106930
bjwzdsm
1000119863
1000002421
1000095422
1000280221
zssklt
1000001414
1000002426
1000136321
fshxdq
1000078089
1000279663
1000016774
1000002304
1000120461
1000113842
1000005210
1000002581
1000148265
1000101767
sxjsd
1000098283
1000086727
ssbldgcjsy
1000089587
1000002403
1000279981
1000118615
1000118675
bjwfkjy
1000084887
1000104621
1000002429
1000280281
1000224444
1000002430
1000132141
1000095023
1000102963
szrst
1000086526
1000090108
1000097301
1000072506
nbzz
lfae
1000002644
1000103004
1000117302
1000105175
1000201304
1000279201
gzdadq
bjklkssm
1000079362
1000004282
1000103148
1000007242
shlwdq
1000005113
1000093145
zjoldq
1000101392
1000282946
hzsjdq
cssjdjd
1000103964
1000205161
1000003352
1000008943
tjsyl
1000003353
1000107573
cqtjdz
1000002465
1000004861
1000017104
1000086832
1000089081
1000092953
1000099547
1000104168
1000105236
1000131362
1000222127
1000224306
1000090843
zjhgdq
bjshyd
1000010281
bjxjs
1000106422
1000076522
hzmb
zsstjdq
zsctt
szswd
qdakmdz
1000001719
1000224523
shlcdq
1000002298
1000003242
gdzsdqyxgsshsldjslkt
hfrsd
1000133201
1000001762
1000004526
1000300304
1000305501
1000144541
1000104828
1000001098
1000282321
1000111963
1000286147
1000286144
1000000907
1000115165
1000201361
1000301001
1000112548
1000104856
1000302824
1000010544
1000279821
1000093205
1000298821
1000085323
1000155322
1000003257
1000308021
1000282161
1000000937
1000164945
1000094647
1000000930
1000221903
1000305463
1000166784
fssjcm
1000317589
1000286241
1000007262
1000303381
1000324421
1000324421
1000324421
1000001421
1000092100
1000280824
1000011041
1000168403
1000224071
1000172562
1000000907
1000324421
1000324421
1000324421
1000280343
1000302041
1000204061
1000000904
1000286281
1000016923
1000002865
shdymls
bjrzht
1000133841
shhbl
1000224522
1000087401
1000187767
1000299921
1000111804
1000123222
1000001762
1000305405
1000002426
1000074586
1000092429
1000001782
1000001782
1000001782
1000001782
1000280281
1000229993
shxbjsmyxg
1000077221
1000297262
1000000928
1000001576
gdsdytxmyy
1000002989
1000001491
1000001465
1000002836
1000078021
jsjh
1000305044
1000133842
yhd78253
1000002812
1000300143